0 1 10900 11300 107
0 1 11000 11400 108
0 1 11100 11500 99
0 1 11200 11600 150
0 1 11200 11600 99
0 1 11300 11700 99
0 1 11300 11700 108
0 1 11400 11800 99
0 1 11700 12100 108
0 1 12000 20000 86
0 2 11400 20400 350
0 2 11500 20500 350
0 2 12000 21100 327
0 3 11400 20700 420
0 3 11500 20800 420
0 4 11400 20200 306
0 4 11500 20300 306
0 4 12000 20900 265
0 5 11700 20400 285
0 5 11800 20500 285
0 5 12000 20700 299
0 9 11200 11900 189
0 9 11200 11900 189
0 10 11800 20500 300
0 10 11900 20600 300
0 10 10800 11900 300
0 11 10900 11500 135
0 11 11000 11600 158
0 11 11000 11600 120
0 11 11100 11700 135
0 11 11200 11800 120
0 11 11200 11800 135
0 11 11200 11800 158
0 11 11500 12100 135
0 11 11600 12200 120
0 11 11600 12200 158
0 11 11800 20000 150
0 11 11900 20100 150
0 11 12000 20300 141
0 11 12100 20300 141
0 11 20000 20600 103
0 11 20000 20600 120
0 12 11700 20100 238
0 12 11900 20300 238
0 13 10900 11700 190
0 13 11400 12200 225
0 13 11500 12300 225
0 13 11500 12300 206
0 13 12100 20500 200
0 13 12100 20500 182
0 14 11000 12100 230
0 14 11400 20200 320
0 14 11500 20200 320
0 14 11500 20200 310
0 14 11700 20400 320
0 14 11700 20400 320
0 14 11700 20500 320
0 14 10800 11900 230
0 14 10900 12000 230
0 14 11900 20600 320
0 14 12100 20800 320
0 15 11400 20900 580
0 15 11400 21000 580
0 15 11500 21000 561
0 15 11700 21200 561
0 15 11700 21200 560
0 15 11700 21300 561
0 15 11800 21300 600
0 15 11800 21400 560
0 15 12000 21500 433
0 16 11300 21100 600
0 16 11500 21200 560
0 16 11700 21500 560
0 16 11800 21500 660
0 16 11800 21600 688
0 17 11300 20300 380
0 17 11500 20400 380
0 17 12000 20900 263
0 19 11300 21300 500
0 20 11200 21100 460
0 20 11300 21200 500
0 20 11700 21500 400
0 20 11300 21200 460
0 20 11500 21300 500
0 20 11600 21500 500
0 21 11300 20300 330
0 21 11300 20400 450
0 21 11500 20500 400
0 22 11300 12300 300
0 22 11500 20100 280
0 22 11900 20500 280
0 22 11500 20100 300
0 23 11300 21000 489
0 23 11400 21000 600
0 24 11300 21700 680
0 24 11600 22000 578
0 24 11700 22000 490
0 26 10900 11300 106
0 26 10900 11300 106
0 26 11400 11800 110
0 26 11400 11800 124
0 26 12100 20100 106
0 27 11700 20300 266
0 27 11700 20400 256
0 27 11800 20400 266
0 27 11800 20500 266
0 27 12000 20700 260
0 28 11300 21000 380
0 28 11300 21000 519
0 28 11400 21000 519
0 28 11400 21000 400
0 29 10900 11400 129
0 29 11100 11600 122
0 29 11300 11800 124
0 29 11400 11900 129
0 29 10900 11400 129
0 29 11200 11700 122
0 29 12100 20200 160
1 0 10900 11300 112
1 0 11100 11500 112
1 0 11600 12000 112
1 11 10900 11400 125
1 11 11000 11500 150
1 26 10800 11200 100
1 26 10800 11200 100
1 26 11500 11900 120
1 26 10900 11300 130
1 28 11000 20500 340
1 29 11000 11400 92
1 29 11200 11600 92
1 29 11400 11800 92
1 29 11600 12000 92
1 29 11100 11500 82
2 3 10800 11200 76
2 3 11200 11600 76
2 3 11500 11900 65
2 29 11500 20300 326
3 2 10700 11200 56
3 2 11200 11700 62
3 2 11300 11800 44
3 2 11400 11900 55
3 2 11400 11900 76
3 4 11100 11900 152
3 4 11200 12000 87
4 10 10800 20400 37
5 9 10900 11600 158
5 9 11200 11900 158
5 9 11400 12100 158
5 29 10900 11500 150
5 29 11300 11900 150
6 7 11100 20900 300
7 8 10700 11300 140
7 8 10800 11400 140
7 8 10900 11500 140
7 8 11000 11600 140
7 8 11000 11600 140
7 8 11100 11700 140
7 8 11200 11800 140
7 8 11200 11800 140
7 8 11300 11900 140
7 8 11300 11900 140
7 8 11400 12000 140
7 8 11600 12200 140
7 8 11700 12300 140
7 8 11000 11600 140
7 8 11100 11700 140
7 25 11100 11500 65
7 25 11300 11700 65
8 7 10800 11400 140
8 7 10900 11500 140
8 7 11000 11600 140
8 7 11000 11600 140
8 7 11100 11700 140
8 7 11200 11800 140
8 7 11300 11900 140
8 7 11300 11900 140
8 7 11500 12100 140
8 7 11600 12200 140
8 7 11700 12300 140
8 10 11200 12100 181
8 10 11700 20300 181
8 10 11800 20400 181
8 10 11900 20400 181
8 10 10800 11700 181
8 11 11500 20600 290
8 25 10800 11700 150
8 27 11200 21200 24
8 27 11300 21400 22
8 27 11500 21500 22
8 27 11500 21500 24
8 27 11600 21700 22
8 27 11800 21800 24
8 27 10900 20900 24
8 27 11300 21300 22
8 27 11300 21300 24
8 27 11300 21400 24
8 27 11600 21700 24
8 27 11700 21800 24
9 5 11000 11700 158
9 5 11400 12100 158
9 11 11000 11600 152
9 23 11400 20700 280
10 0 11800 20600 296
10 1 11500 20200 227
10 1 11600 20200 277
10 8 10800 11700 187
10 8 11200 12100 187
10 8 11300 12200 185
10 8 11000 11900 182
10 8 11500 20100 185
10 8 11600 20200 199
10 8 11800 20400 187
10 8 11900 20500 190
10 9 10900 11700 190
10 9 11000 11800 213
10 11 10900 11500 113
10 11 11000 11600 132
10 11 11000 11600 133
10 11 11000 11600 113
10 11 11000 11600 132
10 11 11800 20100 155
10 12 11600 20300 232
10 13 11600 20500 351
10 14 11000 20300 351
10 14 11200 20400 351
10 14 11200 20500 351
10 14 11600 20800 351
10 14 10900 20200 260
10 15 11100 20700 396
10 15 11300 20900 596
10 16 11600 21200 540
10 16 11600 21200 650
10 17 11100 20100 320
10 17 11300 20300 400
10 17 11300 20300 346
10 19 11700 21400 646
10 21 11700 20600 297
10 22 11300 12300 396
10 26 11600 20500 277
10 27 11600 20900 306
10 27 11500 20800 420
10 27 11600 20900 420
10 29 11500 20600 297
10 29 11700 20700 396
10 29 11600 20600 390
11 0 10800 11400 161
11 0 11200 11800 161
11 0 12000 20200 145
11 0 12200 20400 145
11 1 11000 11500 138
11 8 11300 20300 284
11 9 11100 11700 150
11 9 11000 11600 150
11 10 11100 11700 130
11 12 11000 11700 185
11 12 11800 20100 185
11 13 11000 11800 215
11 13 11100 11900 190
11 13 11300 12100 190
11 13 11700 20100 147
11 13 12000 20500 147
11 13 10900 11700 147
11 13 11000 11800 215
11 13 11100 11900 190
11 13 11600 20000 190
11 14 11000 12100 290
11 14 11000 12100 310
11 14 11100 12200 290
11 14 11300 20000 290
11 14 11700 20400 299
11 14 11000 12100 310
11 14 11100 12200 290
11 14 11200 12300 290
11 14 11600 20300 290
11 15 11300 20700 366
11 15 11300 20600 570
11 15 11600 21000 535
11 16 10900 20200 300
11 16 11100 20400 300
11 16 11200 20500 500
11 20 11500 21000 480
11 21 11100 12100 220
11 22 11500 12100 120
11 24 11500 21600 530
11 27 11300 20000 204
11 27 11700 20400 204
11 27 11900 20700 204
11 27 12000 20800 204
11 29 11900 20300 228
11 29 11900 20400 190
12 0 10900 11700 182
12 1 11300 12300 280
12 1 10600 11600 125
12 10 11700 20400 292
12 11 10600 11200 185
12 11 10700 11300 185
12 11 10900 11500 185
12 11 11000 11600 185
12 13 10800 11100 63
12 13 10800 11100 63
12 13 10900 11200 63
12 13 10900 11200 63
12 13 11300 11600 63
12 13 11300 11600 63
12 13 11400 11700 70
12 13 11500 11800 63
12 13 11500 11800 63
12 13 10700 11000 63
12 13 10700 11000 63
12 14 10900 11500 138
12 14 10900 11500 138
12 14 11000 11600 138
12 14 11700 12300 138
12 16 11500 20600 320
12 20 11200 20600 400
12 21 11700 20300 228
12 22 11000 11500 160
12 22 10800 11300 160
12 22 11300 11800 160
12 23 11200 20600 360
12 26 10600 11700 41
12 26 10800 11900 41
12 27 10700 11300 160
12 27 10700 11300 160
12 27 11300 11900 160
12 27 11300 11900 160
12 28 11200 20400 300
13 0 10900 11700 164
13 0 11000 11800 157
13 10 10800 12100 89
13 10 10900 12200 88
13 10 11500 20400 89
13 10 11600 20500 88
13 10 11500 20400 285
13 12 10700 11000 62
13 12 10800 11100 62
13 12 11000 11300 83
13 12 11000 11300 62
13 12 11100 11400 62
13 12 11300 11600 62
13 12 11400 11700 62
13 12 11500 11800 62
13 12 11500 11800 62
13 12 11000 11300 62
13 16 11900 21100 325
13 16 11300 20500 385
13 21 11700 20500 368
13 27 10900 11300 112
13 27 10900 11300 112
13 27 11400 11800 112
13 27 11500 11900 112
13 27 11700 12100 112
13 27 11700 12100 112
13 27 10700 11100 99
13 27 10900 11300 75
13 27 11300 11700 99
14 0 11200 12300 412
14 1 11200 20200 440
14 11 11500 20200 352
14 11 11600 20300 352
14 12 10800 11400 158
14 12 10900 11500 165
14 12 11100 11700 140
14 16 11500 20600 350
14 16 11500 20700 350
14 27 10700 11000 120
14 27 10700 11000 120
14 27 10800 11100 90
14 27 10800 11100 68
14 27 10800 11100 120
14 27 10900 11200 70
14 27 10900 11200 70
14 27 10900 11200 70
14 27 10900 11200 90
14 27 10900 11200 120
14 27 11000 11300 120
14 27 11100 11400 115
14 27 11100 11400 115
14 27 11200 11500 120
14 27 11300 11600 68
14 27 11300 11600 70
14 27 11300 11600 120
14 27 11400 11700 70
14 27 11400 11700 90
14 27 11400 11700 70
14 27 11400 11700 120
14 27 11500 11800 70
14 27 11500 11800 120
14 27 11600 11900 120
14 27 11600 11900 115
14 28 11100 20700 448
15 10 11300 20900 450
15 13 10800 12000 320
15 14 10800 11700 270
15 14 11700 20200 260
15 16 10800 11800 280
15 16 11100 12100 280
15 16 11600 20200 280
15 16 11700 20300 280
15 16 11800 20400 250
15 16 11800 20500 280
15 16 11900 20500 280
15 17 11300 12100 180
15 17 11300 12100 200
15 17 12000 20400 188
15 19 10900 20100 380
15 19 11000 20200 380
15 22 11300 20100 280
15 24 11000 21100 550
15 27 11700 20300 280
15 28 11000 20800 350
16 0 11200 20900 515
16 9 11300 21100 500
16 10 11300 20800 460
16 11 11200 20500 368
16 11 11300 20600 240
16 12 11200 20200 320
16 12 11800 20800 325
16 12 11900 20900 325
16 13 11200 20400 350
16 13 11800 21000 385
16 13 11900 21100 359
16 14 11200 20300 480
16 14 11500 20600 420
16 14 11500 20600 395
16 14 11500 20600 480
16 14 11600 20700 405
16 14 11600 20700 400
16 15 11100 12100 310
16 15 11200 12200 312
16 15 11200 12200 262
16 15 11400 20000 310
16 15 11500 20100 300
16 15 11500 20100 275
16 15 11600 20200 280
16 15 11600 20200 280
16 15 11600 20200 312
16 15 11600 20300 275
16 15 11700 20300 310
16 15 11700 20400 312
16 15 11800 20400 275
16 15 11900 20500 312
16 15 11900 20500 280
16 15 12000 20600 275
16 15 12000 20600 300
16 17 10900 11800 360
16 17 11700 20200 385
16 17 11800 20300 275
16 17 11900 20400 275
16 18 11000 11900 190
16 18 11100 12000 195
16 18 11300 12200 195
16 18 11300 12200 190
16 18 11300 12200 195
16 18 11400 12300 190
16 18 11500 20000 190
16 18 11500 20000 195
16 18 11600 20100 190
16 18 11600 20100 195
16 18 11700 20300 190
16 18 11700 20300 195
16 18 11800 20400 200
16 18 11900 20400 195
16 18 11900 20400 190
16 18 12000 20600 195
16 18 12100 20600 190
16 18 12100 20700 195
16 19 11100 11800 150
16 19 11200 11900 150
16 19 11500 12200 182
16 19 11700 20000 180
16 19 11700 20000 185
16 19 11800 20100 180
16 19 11900 20300 150
16 19 12000 20300 150
16 19 12100 20400 180
16 19 12200 20500 300
16 20 11500 20300 330
16 21 11200 12000 200
16 21 11300 12100 300
16 21 11400 12200 195
16 21 11500 12300 200
16 22 11200 20000 245
16 22 11400 20200 260
16 24 11300 20700 580
16 24 11400 20700 585
16 24 11400 20700 580
16 24 11600 20900 475
16 27 11500 20800 438
16 27 11500 20800 430
16 27 11500 20800 480
16 28 11000 20400 280
16 28 11100 20500 300
16 28 11100 20500 280
16 28 11300 20700 320
16 28 11200 20500 280
17 0 11100 20000 380
17 0 11100 20000 380
17 0 11200 20100 380
17 0 11200 20100 380
17 11 11700 20400 220
17 11 11700 20400 220
17 12 11000 11600 158
17 12 11100 11700 158
17 12 11300 11900 158
17 12 11400 12000 180
17 13 11100 11900 190
17 13 11200 12000 190
17 13 11400 12200 220
17 14 11000 11700 236
17 14 11100 11800 236
17 16 11500 20100 240
17 16 11600 20200 240
17 18 10900 20300 480
17 21 10600 11100 120
17 21 10800 11300 120
17 21 10800 11300 121
17 27 11600 20100 400
18 15 11100 20400 486
18 16 11100 11900 282
18 16 11400 12200 282
18 16 11500 12300 282
18 16 11600 20100 282
18 16 11700 20100 282
18 16 11800 20200 282
18 16 11800 20200 282
18 16 11800 20300 302
18 16 11800 20300 272
18 16 11900 20300 282
18 16 11900 20300 282
18 16 11900 20400 282
18 16 12000 20400 282
18 16 12000 20400 282
18 16 12000 20400 282
18 16 12100 20500 352
18 20 11200 20300 300
18 20 11200 20300 360
18 23 11100 20900 547
18 24 11300 20500 480
19 0 11100 21000 450
19 1 11000 20900 520
19 11 11000 20500 400
19 11 11100 20600 360
19 12 11100 20500 400
19 12 11000 20400 400
19 13 11100 20800 420
19 13 11000 20700 420
19 15 11100 20300 370
19 15 11100 20400 450
19 15 11200 20500 450
19 15 11200 20500 450
19 16 11000 11700 210
19 16 11100 11800 170
19 16 11100 11800 210
19 16 11200 11900 210
19 16 11300 12000 180
19 16 11500 12200 180
19 16 11500 12200 200
19 16 11600 12300 180
19 16 11700 20000 180
19 16 11700 20000 180
19 16 11700 20000 210
19 16 11700 20100 200
19 16 11700 20100 180
19 16 11800 20100 170
19 16 11800 20100 210
19 16 11800 20200 250
19 16 11900 20200 180
19 16 11900 20200 200
19 16 11900 20300 180
19 16 11900 20300 180
19 16 11900 20300 210
19 16 11900 20300 180
19 16 11900 20300 160
19 16 12000 20300 180
19 16 12200 20600 210
19 18 10900 11700 280
19 18 11000 11800 250
19 18 11300 12100 280
19 18 11400 12200 250
19 18 11500 12300 280
19 18 11600 20000 280
19 18 11600 20100 250
19 18 11700 20100 280
19 18 11700 20100 280
19 18 11700 20100 250
19 18 11700 20100 200
19 18 11700 20100 250
19 18 11800 20200 250
19 18 11800 20200 300
19 18 11900 20300 280
19 18 11900 20400 250
19 20 11300 12100 220
19 20 11900 20300 220
19 20 12000 20400 200
19 20 12000 20400 250
19 20 12100 20500 220
19 20 12200 20600 200
19 20 12200 20700 200
19 21 11500 20200 230
19 21 11700 20400 230
19 21 11200 12300 210
19 22 11100 20200 270
19 23 11300 20600 300
19 23 11600 20900 340
19 23 11300 20500 320
19 24 11100 12200 260
19 24 11800 20500 300
19 28 11300 20300 270
19 28 11400 20400 280
19 28 11500 20400 230
19 28 11500 20500 230
19 28 12000 20900 280
19 29 11000 21100 550
20 13 11400 21100 600
20 14 11300 21000 580
20 14 11400 21000 550
20 14 11400 21000 550
20 15 11300 20900 650
20 16 11300 20100 500
20 16 11300 20100 500
20 16 11300 20100 500
20 16 11300 20100 500
20 16 11300 20100 480
20 17 11300 20400 580
20 18 11500 20700 480
20 19 11900 20300 230
20 19 11900 20300 210
20 21 11500 20300 320
20 23 10900 11800 260
20 23 11000 11900 260
20 23 11000 11900 260
20 23 10800 11700 260
20 23 10900 11800 283
20 27 11300 21200 580
20 28 10900 11400 160
20 28 10900 11400 105
20 28 10900 11400 160
20 28 10900 11400 165
20 28 10900 11400 130
20 28 10900 11400 123
20 28 10900 11400 105
20 28 11000 11500 160
20 28 11000 11500 230
20 28 11000 11500 130
20 28 11000 11500 140
20 28 11000 11500 130
20 28 11000 11500 123
20 28 11000 11500 180
20 28 11000 11500 130
20 28 11000 11500 150
20 28 11100 11600 150
20 28 11300 11800 150
21 10 11400 20300 267
21 10 11500 20400 268
21 12 11200 12100 197
21 12 11400 12300 197
21 12 11500 20000 190
21 12 11600 20100 197
21 12 11600 20100 190
21 12 11600 20200 190
21 12 11300 12200 197
21 12 11300 12200 190
21 13 11200 20000 260
21 13 11400 20200 260
21 13 11500 20300 220
21 13 11600 20400 260
21 13 11600 20400 220
21 13 11600 20500 220
21 13 11300 20100 260
21 13 11300 20200 220
21 16 11300 12200 199
21 16 11400 12300 199
21 16 11600 20100 279
21 16 11700 20200 279
21 16 11700 20200 279
21 16 11800 20300 279
21 18 11300 20500 415
21 19 11600 20300 253
22 0 11600 20200 280
22 1 11200 12300 260
22 11 11100 11700 150
22 11 11200 11800 180
22 12 11300 11800 198
22 12 11600 12100 150
22 13 11300 12000 232
22 13 11600 12300 180
22 13 11200 11900 220
22 13 11700 20100 248
22 14 11300 12200 338
22 15 11400 20200 420
22 16 11300 20200 260
22 16 11300 20300 260
22 16 11400 20300 262
22 17 10900 11400 122
22 17 11900 20000 122
22 18 11300 20900 452
22 18 11200 20800 452
22 19 11300 20400 302
22 19 11200 20300 302
22 20 11200 20200 352
22 27 11600 20200 240
22 27 11700 20300 396
22 27 11700 20300 350
22 28 11000 12200 242
22 28 11000 12200 222
22 29 11200 20200 320
23 0 10900 20600 550
23 9 11300 20600 330
23 9 11400 20700 330
23 16 11100 20700 450
23 19 11300 20500 320
23 19 11300 20500 320
23 24 11200 20000 280
23 27 10900 20900 400
23 28 10800 11200 105
23 28 10800 11200 77
23 28 10900 11300 77
23 28 11000 11400 77
23 28 11100 11500 77
23 28 11400 11800 77
23 28 11500 11900 77
23 28 11600 12000 77
23 28 11700 12100 77
24 0 11000 21300 600
24 1 11000 21400 600
24 11 11000 21000 420
24 12 10900 21000 500
24 14 11000 21100 650
24 14 11000 21200 650
24 14 11100 21300 650
24 15 11100 21200 700
24 15 11000 21100 700
24 16 11100 20400 500
24 16 11100 20400 550
24 16 11500 20900 550
24 17 11000 20700 500
24 18 11100 20500 600
24 18 11000 20500 870
24 18 11500 20900 24
24 19 11100 12200 320
24 20 11100 11800 180
24 21 11000 20400 300
24 22 11000 20600 400
24 27 11000 21400 700
24 28 10900 12000 240
24 28 11800 20500 240
25 7 10700 11000 100
25 7 10800 11100 65
25 7 10800 11100 65
25 7 10900 11200 65
25 7 11000 11300 65
25 7 11000 11300 100
25 7 11000 11300 65
25 7 11200 11500 65
25 7 11200 11500 100
25 7 11200 11500 65
25 7 11600 11900 65
25 7 11700 12000 65
25 8 10900 11700 150
26 0 11000 11400 126
26 0 11100 11500 120
26 0 11300 11700 150
26 0 10700 11100 110
26 1 10900 11300 125
26 2 11500 20300 240
26 3 11500 20600 260
26 4 11100 11900 180
27 0 11300 12300 296
27 0 11400 20000 266
27 1 11400 20300 386
27 10 11000 20200 258
27 10 11000 20200 258
27 10 11400 20600 318
27 10 11400 20600 298
27 10 11400 20700 298
27 10 10900 20100 320
27 10 11000 20200 238
27 10 11000 20200 238
27 10 11500 20700 298
27 10 11500 20700 298
27 11 10900 12000 180
27 11 11000 12100 180
27 11 11300 20000 180
27 11 11600 20300 230
27 11 11800 20500 230
27 11 11900 20600 230
27 12 10600 11200 120
27 12 10700 11300 135
27 12 10800 11400 135
27 12 10900 11500 110
27 13 10900 11300 112
27 13 11000 11400 105
27 13 11100 11500 105
27 13 11100 11500 105
27 13 11500 11900 112
27 14 10800 11100 90
27 14 10800 11100 115
27 14 10800 11100 68
27 14 10900 11200 120
27 14 10900 11200 80
27 14 11000 11300 68
27 14 11000 11300 120
27 14 11100 11400 120
27 14 11200 11500 90
27 14 11200 11500 68
27 14 11200 11500 120
27 14 11200 11500 68
27 14 11200 11500 80
27 14 11300 11600 120
27 14 11300 11600 115
27 14 11400 11700 68
27 14 11400 11700 120
27 14 11400 11700 90
27 14 11600 11900 68
27 14 11700 12000 120
27 14 11700 12000 68
27 14 11800 12100 120
27 14 11800 12100 90
27 14 11800 12100 68
27 14 11800 12100 120
27 15 11500 20200 260
27 15 11800 20500 280
27 16 11200 20500 428
27 16 11400 20700 428
27 16 11500 20800 428
27 20 10800 20700 400
27 22 11300 12300 230
27 22 11500 20100 230
27 22 11700 20300 218
27 22 11800 20400 218
27 23 10600 20600 350
27 23 10700 20700 350
27 23 10700 20800 350
27 23 10800 20800 350
28 0 11200 20700 450
28 1 11200 20700 451
28 1 11400 20900 430
28 10 11200 12200 200
28 10 11400 20000 200
28 11 11200 20300 381
28 12 11100 20400 420
28 13 11100 20500 300
28 13 11100 20600 300
28 13 11100 20500 480
28 13 11100 20500 480
28 13 11100 20500 350
28 13 11200 20600 480
28 14 11300 21000 380
28 15 10800 20800 380
28 15 10900 20800 380
28 16 11100 20500 410
28 16 11200 20500 420
28 16 11200 20600 420
28 16 11300 20600 420
28 16 11000 20400 510
28 16 11300 20600 500
28 18 11200 20900 500
28 18 11300 20900 500
28 18 11400 21000 500
28 19 11300 20300 230
28 19 11400 20300 230
28 19 11500 20400 320
28 19 11700 20600 230
28 19 11800 20700 230
28 20 10900 11400 136
28 20 11000 11500 150
28 20 11000 11500 136
28 20 11100 11600 136
28 20 11200 11700 136
28 20 11300 11800 136
28 20 11400 11900 136
28 20 11600 12100 154
28 23 10800 11200 100
28 23 10800 11200 71
28 23 10900 11300 77
28 23 11000 11400 77
28 23 11000 11400 77
28 23 11000 11400 136
28 23 11000 11400 77
28 23 11200 11600 77
28 23 11300 11700 77
28 23 11700 12100 77
28 23 11700 12100 77
28 23 11400 11800 71
28 24 10900 12100 316
28 24 11000 12200 240
28 24 11100 12300 240
28 24 11100 12300 240
28 24 11200 20000 260
28 24 11200 20000 216
28 24 11500 20300 240
28 24 11500 20300 240
28 24 11600 20400 240
28 24 11800 20700 240
28 24 11900 20700 240
28 24 11200 20000 260
28 26 11400 21200 470
29 0 10600 11200 130
29 0 11000 11600 130
29 0 11000 11600 136
29 0 11100 11700 160
29 0 11500 12100 160
29 0 11500 12100 150
29 0 11700 12300 130
29 0 11700 12300 150
29 0 10800 11400 110
29 0 11100 11700 150
29 1 10900 11300 100
29 1 11200 11600 100
29 1 11400 11800 91
29 1 10700 11100 100
29 1 10800 11200 100
29 1 10900 11300 100
29 1 11000 11400 100
29 1 11000 11400 91
29 1 11000 11400 100
29 1 11000 11400 100
29 1 11200 11600 100
29 1 11200 11600 100
29 1 11300 11700 100
29 1 11400 11800 100
29 1 11400 11800 100
29 1 11500 11900 100
29 1 11600 12000 100
29 1 11700 12100 100
29 1 11700 12100 100
29 1 11800 12200 100
29 1 11900 12300 100
29 2 11700 20400 240
29 5 11300 12000 150
29 5 10800 11500 150
29 5 10900 11600 150
29 5 11000 11700 150
29 5 11400 12100 150
29 5 11600 12300 150
29 11 10900 11700 140
29 11 11700 20100 140
29 11 11800 20200 160
29 11 11800 20200 140
29 11 11900 20300 240
29 12 11100 12300 380
29 14 11100 20300 300
29 19 10900 21000 552
29 19 11000 21200 552
29 22 11600 20500 260
29 22 11600 20500 260
29 26 10800 11000 56
29 26 10900 11100 60
29 26 11100 11300 56
29 26 11100 11300 35
29 26 11100 11300 60
29 26 11200 11400 50
29 26 11200 11400 40
29 26 11300 11500 56
29 26 11400 11600 56
29 26 11400 11600 60
29 26 11500 11700 30
29 26 11600 11800 56
29 26 11700 11900 60
29 26 10600 10800 82
29 26 10700 10900 82
29 26 10700 10900 35
29 26 10800 11000 82
29 26 10800 11000 82
29 26 10800 11000 82
29 26 10800 11000 35
29 26 10900 11100 82
29 26 10900 11100 35
29 26 10900 11100 82
29 26 11000 11200 82
29 26 11000 11200 35
29 27 11600 20700 342
