0 2 1800 2000 1260
0 2 1900 2100 1260
0 3 2200 0 580
0 4 1100 1300 670
0 6 1100 1600 1860
0 6 1600 2300 2910
0 10 1600 1800 960
0 15 2100 0 640
0 15 1300 1500 1470
0 16 2100 0 650
0 16 1600 1900 900
0 16 1200 1500 1060
0 17 900 1100 470
0 17 2200 0 1430
0 19 800 1100 1940
0 21 1700 1900 950
0 22 2100 2300 860
0 23 2100 2300 710
0 23 2300 200 710
0 23 1500 1800 1190
0 23 2100 2300 1450
0 23 900 1100 1720
0 24 1100 1400 2610
1 2 1700 1900 280
1 2 1400 1600 1360
1 2 1600 1800 1360
1 6 2000 0 740
1 7 1900 2100 380
1 7 700 900 1180
1 7 2200 0 1180
1 8 1600 1800 340
1 8 1600 1800 960
1 14 800 1000 370
1 14 700 900 1370
1 14 900 1100 1370
1 14 1400 1600 1370
1 15 800 1300 400
1 16 2100 0 710
1 23 1500 1900 628
1 23 700 1000 710
1 23 2300 100 770
1 23 1600 1900 980
1 23 1400 1600 1080
1 24 1000 1400 690
1 24 1400 1900 2370
1 24 600 900 2390
1 24 1600 1900 2390
1 24 2100 0 2620
1 27 2200 0 380
1 27 1600 1800 478
1 27 1600 1800 560
1 27 800 1000 898
1 27 1900 2000 898
1 27 800 1000 1200
1 27 1800 2000 1200
1 27 800 1000 898
1 27 1900 2000 898
1 27 1800 2000 1200
2 1 1200 1400 350
2 1 1700 1900 1360
2 1 1900 2100 1360
2 5 900 1200 660
2 5 800 1100 1000
2 6 1700 0 1450
2 6 800 1500 2240
2 10 900 1300 1030
2 11 1600 1900 1460
2 12 1000 1200 1700
2 13 900 1100 610
2 13 1100 1400 1550
2 13 1500 1800 1550
2 13 1600 1900 1550
2 14 1700 2000 770
2 14 800 1100 1950
2 16 900 1300 1080
2 16 1100 1500 1120
2 16 1300 1800 1120
2 16 1500 1900 1120
2 16 1800 2300 1510
2 17 1800 2100 2010
2 18 900 1600 1270
2 18 1600 2300 1270
2 19 800 1400 2110
2 19 1700 2300 2850
2 20 1500 2100 1380
2 21 1900 100 1670
2 22 1600 2000 840
2 22 1100 1500 1100
2 22 1700 2000 2040
2 23 900 1300 1570
2 24 800 1400 1630
2 24 1000 1700 3540
2 25 1700 2000 1110
2 26 800 1000 1190
2 27 800 1100 790
2 27 2000 2300 800
2 27 1300 1600 990
2 27 1600 1900 990
2 27 1500 1800 1100
2 28 800 1200 2330
2 29 2200 0 480
2 29 800 1000 650
2 29 900 1000 650
2 29 2000 2200 810
2 29 1900 2100 1060
2 29 1600 1700 1660
3 0 800 1100 770
3 1 2200 0 300
3 5 2000 2200 460
3 5 900 1200 1420
3 6 800 1600 2090
3 10 800 1200 780
3 11 1700 2000 680
3 12 1600 1900 1550
3 13 1800 2100 520
3 13 1900 2200 590
3 13 1400 1700 610
3 13 1400 1700 770
3 13 2000 2300 1740
3 13 1400 1700 1910
3 14 1600 2000 810
3 14 1500 1900 990
3 14 900 1200 1300
3 15 700 1300 710
3 15 1800 0 710
3 15 1500 2100 820
3 15 1400 1900 930
3 16 900 1600 980
3 16 800 1300 1360
3 16 2000 100 1380
3 16 1400 1800 1690
3 16 1500 2000 3440
3 18 1600 2300 1630
3 19 1500 2200 2150
3 20 1500 2200 1340
3 21 900 1300 1220
3 21 2000 0 2250
3 22 1400 1900 1110
3 22 1800 2300 1110
3 22 1500 1900 2050
3 22 2000 0 2050
3 24 800 1500 1440
3 26 800 1000 460
3 26 1500 1700 1240
3 26 900 1100 1250
3 26 1300 1500 1500
3 27 800 1100 1990
3 27 1000 1300 1990
3 27 1600 1900 1990
3 27 2000 2300 1990
3 27 800 1100 1990
3 27 1000 1300 1990
3 27 1600 1900 1990
3 27 2000 2300 1990
3 28 1800 0 2480
3 29 800 1000 900
3 29 800 1100 1040
3 29 1700 1900 1040
3 29 1400 1700 1180
3 29 1500 1700 1180
3 29 1800 2000 1410
3 29 1900 2100 1410
4 0 1400 1600 670
4 6 1100 1600 1440
4 6 1700 0 1440
4 9 1900 2100 570
4 9 1300 1500 771
4 9 1900 2100 1240
4 10 1100 1500 820
4 10 1600 2000 820
4 10 900 1200 1680
4 11 900 1100 1380
4 11 1300 1600 1380
4 11 2000 2200 1380
4 13 800 1100 490
4 13 1500 1700 490
4 13 1300 1500 1210
4 14 800 1100 1810
4 14 1500 1800 1810
4 17 1700 2000 960
4 17 1800 0 960
4 17 2000 0 1880
4 18 900 1500 2880
4 18 1700 0 2880
4 19 1600 2100 1920
4 20 800 1400 920
4 20 1500 2100 960
4 21 800 1200 1550
4 21 1400 1900 1550
4 22 1200 1500 750
4 22 800 1100 1830
4 23 1900 2300 970
4 23 1300 1700 980
4 23 900 1300 1200
4 24 800 1500 1230
4 24 1100 1800 1260
4 27 800 1100 1540
4 27 900 1200 1540
4 27 1200 1500 1540
4 27 1500 1800 1540
4 27 1700 2000 1540
4 27 2000 2300 1540
4 27 800 1100 1540
4 27 900 1200 1540
4 27 1200 1500 1540
4 27 1500 1800 1540
4 27 1700 2000 1540
4 27 2000 2300 1540
4 28 1600 2000 840
4 28 800 1200 1000
4 29 800 1000 330
4 29 1000 1200 470
4 29 1500 1700 470
4 29 2000 2100 470
5 2 2200 0 660
5 2 2000 2200 860
5 6 1100 1500 1580
5 9 1700 1800 310
5 10 1400 1600 390
5 11 800 900 400
5 13 1300 1600 460
5 13 2300 100 1230
5 13 800 1000 1310
5 15 1300 1800 820
5 16 1700 2000 1090
5 16 800 1100 2010
5 16 1400 1700 2010
5 18 1700 2200 590
5 18 1300 1600 1040
5 21 1500 1700 450
5 27 2200 0 640
5 27 1900 2200 760
5 27 1400 1700 840
5 27 1700 2100 840
5 27 1900 2200 840
5 27 2100 0 840
5 27 1300 1700 1540
5 27 2200 0 640
5 27 1900 2200 760
5 27 1300 1700 1540
5 29 0 100 670
5 29 800 900 860
5 29 800 1000 860
5 29 1100 1300 860
5 29 1900 2000 860
5 29 2100 2200 860
6 0 1700 2100 1570
6 0 900 1500 2910
6 1 900 1300 1040
6 2 900 1500 1450
6 2 1600 2200 1930
6 3 1700 0 1750
6 4 1700 2200 1440
6 4 800 1400 2940
6 5 1600 1900 1370
6 7 1700 2000 1070
6 7 800 1100 1750
6 7 1600 1800 1750
6 8 800 1100 1730
6 8 900 1200 1730
6 10 1100 1500 650
6 10 1400 1700 880
6 10 1700 2000 880
6 10 900 1200 2200
6 10 1500 1900 2200
6 11 1700 2100 870
6 11 2100 100 870
6 11 1000 1300 2810
6 11 1400 1700 2810
6 12 1100 1700 1140
6 13 900 1600 3080
6 13 1200 1600 3080
6 13 1800 2200 3080
6 14 800 1400 3600
6 14 1200 1700 3600
6 14 1400 2000 3600
6 14 1800 2300 3600
6 16 900 1400 3410
6 16 1100 1600 3410
6 16 1200 1800 3410
6 16 1500 2000 3410
6 16 1900 0 3410
6 18 1700 0 2350
6 19 1600 2300 1290
6 20 1000 1400 2590
6 20 1600 2000 2590
6 21 2000 200 1190
6 21 900 1300 2980
6 21 1000 1400 2980
6 21 1600 2100 2980
6 22 1400 1900 800
6 22 1000 1400 2800
6 22 1700 2100 2800
6 23 800 1200 2370
6 23 1000 1400 2370
6 23 1500 1900 2370
6 24 1000 1700 1340
6 25 900 1100 690
6 25 2000 2300 700
6 26 1900 2200 1780
6 27 800 1300 3600
6 27 900 1600 3600
6 27 900 1400 3600
6 27 1000 1500 3600
6 27 1200 1600 3600
6 27 1700 2200 3600
6 27 900 1600 3600
6 28 800 1200 710
6 28 1000 1400 710
6 28 1600 2000 710
6 28 1700 2100 710
6 29 2100 100 1130
6 29 800 1200 1560
6 29 2000 0 1560
6 29 1000 1400 1850
6 29 1500 1800 1850
6 29 1700 2000 1850
6 29 1700 2000 1850
6 29 900 1300 2890
7 1 2200 0 320
7 1 1000 1200 1180
7 1 1300 1500 1180
7 6 1300 1500 1070
7 6 1200 1500 1750
7 6 2200 100 1750
7 12 700 900 250
7 14 1200 1400 1760
7 15 1200 1700 810
7 15 1600 2100 890
7 15 1900 0 890
7 16 1300 1600 1410
7 16 2000 2300 2210
7 17 1700 2000 1630
7 18 2100 0 1400
7 19 1300 1500 1040
7 20 1900 2100 880
7 21 1900 2100 1530
7 22 1600 1800 810
7 22 1800 2000 810
7 23 2100 2300 550
7 23 1500 1700 690
7 23 1100 1200 810
7 23 2000 2100 940
7 26 1400 1600 810
7 26 1600 1900 950
7 26 1100 1300 1390
7 27 1900 2200 550
7 27 1300 1600 730
7 27 1600 1900 800
7 27 1800 2100 830
7 27 2000 2300 830
7 27 1800 2300 840
7 27 1500 1700 1740
7 27 1200 1500 1840
7 27 1200 1400 1860
7 27 700 1000 2240
7 27 1900 2200 550
7 27 1600 1900 800
7 27 2000 2300 830
7 27 1500 1700 1740
7 27 1200 1400 1860
7 27 700 1000 2240
7 28 1900 2100 1190
7 29 800 1000 1600
7 29 1600 1800 1600
7 29 1900 2200 1600
7 29 2200 100 1600
7 29 1000 1200 1670
7 29 1200 1400 1670
7 29 1600 1800 1670
7 29 2000 2200 1670
7 29 2100 2300 1670
8 1 1900 2100 340
8 1 1900 2000 960
8 6 1900 2200 1730
8 6 2000 2300 1730
8 10 800 900 430
8 11 800 1000 420
8 13 1300 1600 1660
8 14 1900 0 750
8 14 1000 1200 890
8 14 1100 1400 1740
8 14 1900 2200 1740
8 15 2000 2300 900
8 15 1600 2200 1030
8 16 1100 1400 590
8 16 800 1300 830
8 16 1600 2100 2030
8 16 2000 2300 2030
8 18 1500 2000 1740
8 20 1600 1800 1560
8 22 1000 1200 1310
8 23 700 900 510
8 23 1100 1400 510
8 23 0 200 620
8 23 1600 1800 630
8 23 700 900 1260
8 28 1500 1700 770
8 28 1000 1200 1230
8 29 2300 100 470
9 5 1500 1600 310
9 12 1400 1600 940
9 13 2100 2300 260
9 13 700 900 420
9 13 1200 1400 980
9 13 900 1100 1050
9 13 2000 2200 1140
9 14 1100 1400 480
9 14 1700 1900 640
9 14 1800 2000 670
9 14 2200 0 730
9 14 900 1100 740
9 14 2100 2300 950
9 14 800 1000 1240
9 15 1300 1500 510
9 15 2000 0 730
9 15 800 1200 820
9 16 2100 0 680
9 16 800 1100 700
9 16 2000 2300 830
9 16 1200 1500 920
9 16 1500 1800 920
9 17 1500 1700 590
9 21 800 1000 510
9 21 1600 1800 771
9 21 2200 0 1240
9 22 2000 2100 420
9 22 800 1000 480
9 22 1400 1600 530
9 23 800 1000 670
9 23 2300 100 670
9 23 2200 0 1240
9 23 2200 100 1240
9 23 1500 1700 1350
9 24 800 1100 470
9 24 1200 1500 560
9 24 1600 1900 560
9 24 1900 2200 630
9 24 1200 1500 2060
9 25 1900 2100 470
9 26 2100 2200 1000
9 27 1800 2000 530
9 27 700 1000 680
9 27 800 1100 680
9 27 1100 1300 680
9 27 1400 1600 680
9 27 1700 1900 680
9 27 1800 2000 680
9 27 1900 2100 680
9 27 1400 1600 1170
9 27 1100 1300 1240
9 27 2100 0 1240
9 27 1800 2000 530
9 27 700 1000 680
9 27 1800 2000 680
9 28 900 1200 420
9 28 1000 1200 480
9 28 2100 2300 480
9 28 2200 0 550
9 28 1900 2100 1180
9 29 700 900 280
9 29 2000 2100 280
9 29 1100 1200 300
9 29 1600 1700 300
9 29 1300 1400 580
9 29 900 1100 820
10 0 1300 1500 960
10 1 1700 1900 880
10 2 1400 1700 1030
10 3 1900 2200 600
10 4 2200 100 660
10 4 2100 2300 670
10 4 1300 1600 1680
10 5 1100 1300 390
10 6 2100 100 860
10 6 800 1200 880
10 6 1500 1900 880
10 6 1300 1600 1010
10 6 1900 2300 2200
10 7 1800 1900 790
10 8 2300 0 430
10 12 1600 1700 680
10 13 1300 1500 560
10 13 2100 2300 560
10 13 1900 2100 630
10 13 800 1000 730
10 13 1100 1300 730
10 13 2000 2200 1090
10 13 0 200 1090
10 13 800 1000 1180
10 13 1400 1600 1180
10 13 1800 2000 1180
10 13 1800 2000 1180
10 14 2200 0 510
10 14 2000 2200 580
10 14 1200 1400 1280
10 14 1600 1800 1280
10 14 1700 1900 1280
10 14 1900 2100 1280
10 14 2000 2200 1280
10 14 800 1000 1400
10 14 1300 1600 1400
10 15 2100 2300 750
10 15 1200 1500 830
10 15 1400 1700 830
10 15 1700 2000 1300
10 15 1200 1500 1530
10 15 700 1100 1680
10 16 2000 2300 450
10 16 800 1100 460
10 16 900 1200 750
10 16 1700 2000 830
10 16 1100 1400 990
10 16 1200 1500 990
10 16 1500 1800 990
10 16 1600 1900 990
10 17 1500 1700 1070
10 17 2000 2200 1070
10 17 1000 1200 1128
10 17 600 800 1250
10 17 2200 0 1250
10 19 1600 1900 710
10 21 2200 0 410
10 21 1500 1700 530
10 22 2000 2200 560
10 23 1700 1900 810
10 24 1600 1800 390
10 24 1300 1500 600
10 30 700 1000 1330
10 30 800 1200 1330
10 30 1100 1500 1550
10 30 700 1000 2260
10 30 800 1200 2260
10 30 800 1200 2260
10 25 1200 1400 430
10 25 1200 1300 850
10 27 1700 1900 850
10 27 1800 2000 850
10 27 2100 0 850
10 27 1500 1700 1020
10 27 1200 1500 1390
10 27 2000 2300 1390
10 27 800 1000 1510
10 27 1400 1600 1510
10 27 1000 1200 1520
10 27 1700 1900 1520
10 29 1000 1200 1000
10 29 2100 2300 1180
11 2 1200 1500 1740
11 3 1300 1600 900
11 4 2100 0 530
11 4 1000 1200 1380
11 4 1500 1800 1380
11 5 2200 2300 400
11 6 800 1200 770
11 6 1200 1600 1150
11 6 1600 2000 2810
11 6 2100 100 2810
11 8 2000 2200 1040
11 14 800 1000 1030
11 14 1000 1200 1030
11 14 1800 2000 1030
11 15 1400 1600 1250
11 16 800 1000 1410
11 16 900 1200 1410
11 16 1100 1300 1410
11 16 1400 1600 1410
11 16 1600 1800 1410
11 16 1600 1900 1410
11 16 1800 2000 1410
11 16 1900 2200 1410
11 16 2100 0 1410
11 18 900 1200 1840
11 18 1200 1500 1840
11 19 1400 1900 1310
11 20 900 1100 1350
11 23 800 1000 780
11 23 2000 2200 900
11 23 1300 1500 960
11 24 800 1100 490
11 24 2100 2300 740
11 24 1400 1700 750
11 24 1300 1600 1880
11 24 1700 2000 1880
11 25 1700 1900 1440
11 27 800 1000 1070
11 27 1700 1900 1070
11 27 1900 2100 1070
11 27 1700 1900 1070
11 27 1900 2100 1070
11 28 1400 1600 570
11 28 2000 2200 570
11 28 700 900 1060
11 28 900 1100 1060
11 28 1100 1300 1060
12 2 1900 2200 1700
12 3 1200 1500 1840
12 6 1900 100 1120
12 7 1000 1200 410
12 9 2200 2300 940
12 10 1900 2000 570
12 16 800 1000 480
12 16 2200 0 760
12 16 1200 1400 870
12 23 2300 200 580
12 23 1100 1400 700
12 23 2200 0 700
12 23 1700 1900 1070
12 23 1100 1400 1360
12 24 1800 2100 460
12 24 800 1000 620
12 24 1500 1800 620
12 24 1400 1700 2088
12 24 1200 1500 2100
12 24 1200 1500 2100
12 27 800 900 240
12 27 1300 1400 270
12 27 800 900 240
12 27 1300 1400 270
12 28 800 1100 600
12 28 2100 2300 600
12 29 1800 2000 920
12 29 800 1000 1310
12 29 1100 1300 1310
12 29 1600 1800 1310
12 29 1400 1600 1710
13 1 1500 1600 730
13 1 1700 1900 1040
13 2 1800 2100 620
13 2 1300 1500 1550
13 2 1500 1800 1550
13 2 1900 2200 1550
13 3 1500 1800 520
13 3 1500 1800 590
13 3 1000 1300 610
13 3 1100 1300 770
13 3 1500 1800 1910
13 4 1800 2000 450
13 4 1200 1400 480
13 4 2300 100 1210
13 5 800 1200 460
13 5 2000 2200 1230
13 5 1100 1300 1310
13 6 900 1400 3080
13 6 1700 2300 3080
13 6 1800 2300 3080
13 7 700 1000 500
13 7 1100 1400 500
13 7 1600 1900 500
13 7 1300 1500 1640
13 8 1700 1900 1660
13 9 700 900 260
13 9 1000 1200 420
13 9 1500 1700 980
13 9 2100 2300 1050
13 9 1700 1900 1140
13 10 2000 2200 390
13 10 800 1000 480
13 10 1100 1300 480
13 10 1800 2000 480
13 10 2300 100 490
13 10 1600 1800 580
13 10 1200 1400 1090
13 10 1100 1300 1180
13 10 1400 1700 1180
13 10 1700 1900 1180
13 10 2100 2300 1180
13 15 2200 0 450
13 15 1600 1800 500
13 15 2000 2100 500
13 15 1000 1100 680
13 15 1100 1200 840
13 16 800 1100 1440
13 16 1200 1400 1440
13 16 1300 1500 1440
13 16 1400 1600 1440
13 16 1600 1900 1440
13 16 1900 2100 1440
13 16 2000 2200 1440
13 16 2100 0 1440
13 18 2200 100 760
13 18 1000 1300 780
13 19 2000 2300 1590
13 20 1200 1400 470
13 20 1800 2100 470
13 20 800 1000 1560
13 20 1400 1700 1560
13 21 1900 2100 570
13 23 800 1100 840
13 23 2100 0 840
13 23 2100 2300 900
13 23 2200 100 900
13 23 1700 1900 950
13 23 1200 1400 1050
13 23 1500 1800 1080
13 23 1000 1300 1150
13 24 1000 1300 680
13 24 1100 1400 680
13 24 1300 1600 680
13 24 1400 1700 680
13 24 1600 1800 680
13 24 1800 2100 680
13 24 800 1000 860
13 24 1500 1800 870
13 24 2000 100 1770
13 24 2000 0 2110
13 24 1900 2300 2160
13 24 2100 0 2160
13 27 700 800 150
13 27 700 800 150
13 28 1800 2100 1620
13 29 800 1000 780
13 29 1300 1500 780
13 29 1500 1700 780
13 29 1700 1900 780
13 29 1800 2000 780
13 29 2000 2200 780
13 29 2200 0 780
13 29 900 1100 1650
13 29 1200 1400 1650
13 29 1400 1600 1650
13 29 2100 2300 1650
13 29 1700 1900 2230
14 1 1100 1300 420
14 1 1200 1500 1370
14 1 2100 2300 1370
14 1 2200 0 1370
14 2 1300 1600 1050
14 2 2000 2300 1950
14 3 2000 0 580
14 3 1100 1400 1100
14 3 1200 1500 2030
14 4 1200 1500 1810
14 4 1900 2200 1810
14 6 800 1400 3600
14 6 1300 2000 3600
14 6 1600 2100 3600
14 6 1800 100 3600
14 7 1800 2100 1760
14 8 1300 1800 850
14 8 600 900 880
14 8 700 1000 1650
14 8 1500 1800 1650
14 9 800 1100 480
14 9 2000 2300 620
14 9 1200 1400 710
14 9 1800 2100 730
14 9 1500 1700 790
14 9 1800 2000 950
14 9 1100 1300 1240
14 10 1300 1600 580
14 10 700 900 650
14 10 700 900 1220
14 10 800 1100 1220
14 10 1600 1800 1220
14 10 1100 1300 1320
14 10 2100 0 1320
14 10 1200 1400 1400
14 10 1700 1900 1400
14 11 1100 1300 1030
14 11 1300 1500 1030
14 11 2100 2300 1030
14 16 800 1100 1410
14 16 1100 1300 1410
14 16 1300 1500 1410
14 16 1500 1700 1410
14 16 1700 1900 1410
14 16 1800 2000 1410
14 16 1900 2200 1410
14 16 2000 2300 1410
14 16 2100 0 1410
14 16 2300 100 1410
14 18 2100 2300 640
14 19 1300 1600 540
14 19 1600 1900 540
14 20 2000 2200 610
14 20 1700 1900 1550
14 20 2200 0 1550
14 21 700 900 890
14 21 1900 2100 890
14 21 700 900 900
14 22 1400 1500 830
14 22 1800 1900 830
14 22 1900 2100 830
14 22 1900 2100 830
14 23 1600 2100 1000
14 23 2100 0 1010
14 23 2000 2300 1200
14 23 1200 1500 1370
14 23 1300 1600 1370
14 23 2000 2300 1370
14 23 800 1100 1930
14 23 1100 1400 1930
14 23 1700 2000 1930
14 23 2200 100 1930
14 23 900 1200 2010
14 23 800 1100 2020
14 23 1600 1900 2020
14 24 1400 1900 730
14 24 700 1100 840
14 24 900 1200 840
14 24 1400 1800 840
14 24 1600 1900 840
14 24 1500 1800 960
14 24 2000 2300 960
14 24 800 1100 2270
14 24 1600 1900 2270
14 24 1400 1700 2600
14 29 2100 0 980
15 0 1200 1400 640
15 0 1600 1800 1470
15 1 1300 1800 480
15 2 800 1300 770
15 2 1500 2000 770
15 2 1200 1700 880
15 3 800 1300 710
15 3 1700 2300 710
15 3 1900 0 930
15 3 1200 1800 1010
15 6 1700 100 3490
15 9 900 1200 510
15 9 1400 1900 730
15 9 1300 1800 830
15 10 1600 1900 600
15 10 2200 100 600
15 10 800 1100 750
15 10 1200 1500 830
15 10 1500 1800 830
15 10 1200 1600 1680
15 11 1700 2000 1250
15 13 800 1000 400
15 13 1000 1100 450
15 13 1200 1400 450
15 13 1300 1400 700
15 13 1300 1500 840
15 16 1100 1200 1120
15 16 1600 1800 1120
15 16 2200 0 1120
15 18 1800 2000 390
15 20 1100 1400 1480
15 21 1800 2000 410
15 21 800 900 500
15 21 1900 2100 500
15 21 1200 1400 540
15 21 900 1100 590
15 22 700 900 310
15 22 1100 1300 380
15 22 1300 1500 430
15 22 1400 1600 480
15 24 1200 1500 950
15 24 800 1100 970
15 24 1600 1900 970
15 27 800 1000 210
15 27 800 1000 530
15 27 1000 1100 560
15 27 1300 1500 560
15 27 1900 2100 560
15 27 2000 2200 560
15 27 2200 2300 560
15 27 1100 1200 670
15 27 1400 1500 1230
15 27 1900 2000 1230
15 27 800 1000 210
15 27 1300 1500 560
15 27 1900 2100 560
15 27 2000 2200 560
15 28 1800 2200 1610
15 29 800 1000 770
15 29 700 1000 800
15 29 800 1100 990
15 29 2100 0 1090
15 29 1300 1600 1130
15 29 800 1100 1290
15 29 1400 1700 1290
15 29 1000 1200 1520
15 29 1600 1900 1720
15 29 1800 2100 1820
15 29 1200 1500 2010
15 29 1200 1500 2020
16 0 1700 2000 900
16 0 800 1100 1060
16 0 1300 1500 1060
16 1 1700 2000 710
16 2 1400 1900 1340
16 2 1700 2100 1340
16 2 1900 2300 1340
16 2 800 1200 1510
16 2 900 1400 1510
16 3 1700 2300 980
16 3 800 1300 1360
16 3 1900 2300 1380
16 3 1500 1900 1690
16 3 1000 1400 1890
16 4 1500 1900 1370
16 4 2100 0 1370
16 4 800 1200 1620
16 4 1400 1700 1620
16 4 1900 2200 1620
16 4 1000 1400 1870
16 5 600 1000 800
16 5 900 1300 2010
16 5 2100 0 2010
16 6 800 1400 3410
16 6 1000 1500 3410
16 6 1600 2100 3410
16 6 1700 2300 3410
16 6 1900 0 3410
16 7 900 1200 1640
16 7 1600 1900 2210
16 8 700 1000 800
16 8 1600 1900 1300
16 8 1000 1500 2030
16 8 1700 2200 2030
16 9 2100 0 700
16 9 800 1100 920
16 9 1600 1900 920
16 9 1700 2000 920
16 9 1100 1400 1090
16 10 2100 0 600
16 10 700 1000 610
16 10 2000 2300 620
16 10 800 1100 750
16 10 1200 1500 830
16 10 1300 1600 830
16 10 1500 1700 990
16 10 1900 2200 990
16 11 700 900 1410
16 11 900 1200 1410
16 11 1100 1400 1410
16 11 1300 1500 1410
16 11 1400 1700 1410
16 11 1700 1900 1410
16 11 1900 2100 1410
16 11 2000 2200 1410
16 11 2100 0 1410
16 12 2200 0 640
16 12 900 1100 760
16 12 1900 2200 760
16 13 800 1000 1440
16 13 900 1100 1440
16 13 1000 1200 1440
16 13 1300 1500 1440
16 13 1500 1800 1440
16 13 1600 1800 1440
16 13 1800 2000 1440
16 13 2100 2300 1440
16 14 800 1000 1410
16 14 900 1200 1410
16 14 1100 1300 1410
16 14 1300 1600 1410
16 14 1500 1700 1410
16 14 1600 1800 1410
16 14 1700 1900 1410
16 14 1800 2000 1410
16 14 1900 2100 1410
16 14 2000 2200 1410
16 15 800 1000 1120
16 15 1400 1500 1120
16 15 2000 2100 1120
16 17 1000 1200 960
16 18 700 800 490
16 18 1800 2000 490
16 18 2000 2100 490
16 18 2100 2200 490
16 18 2100 2300 490
16 18 2200 0 490
16 18 0 100 490
16 18 900 1100 700
16 18 1000 1200 700
16 18 1200 1300 840
16 18 1500 1600 1720
16 19 2100 2300 320
16 19 1000 1200 430
16 20 800 1000 1380
16 20 900 1100 1380
16 20 1000 1200 1380
16 20 1200 1400 1380
16 20 1800 2000 1380
16 20 2200 0 1380
16 20 2200 0 1380
16 21 800 1000 280
16 21 2000 2200 280
16 21 1000 1200 290
16 22 900 1000 430
16 22 2300 100 430
16 22 1900 2000 460
16 22 1100 1200 470
16 22 1200 1400 470
16 22 1300 1500 1940
16 23 700 900 930
16 23 800 1100 1120
16 23 900 1200 1120
16 23 1200 1500 1120
16 23 1600 1800 1120
16 23 1800 2000 1120
16 23 1900 2100 1120
16 23 2100 0 1120
16 23 600 900 1720
16 30 800 1400 2170
16 25 700 1000 1560
16 25 1200 1600 2440
16 25 1600 1900 2440
16 25 1800 2300 2440
16 26 900 1200 1110
16 26 1100 1400 1320
16 26 1600 1900 1320
16 26 1300 1800 2060
16 27 1100 1300 1620
16 27 1400 1600 1620
16 28 800 1000 430
16 28 2200 0 580
16 28 800 1000 810
16 28 1000 1200 810
16 28 1100 1300 810
16 28 1200 1400 810
16 28 1400 1600 810
16 28 1500 1700 810
16 28 1800 2000 810
16 28 2100 2300 810
16 29 2200 100 900
16 29 1900 2200 920
16 29 2000 2300 920
16 29 2000 2300 920
16 29 2100 0 920
16 29 1800 2100 950
16 29 1400 1700 1130
16 29 1500 1800 1130
16 29 1600 1900 1130
16 29 1700 2000 1130
16 29 800 1100 1250
16 29 900 1200 1250
16 29 1300 1600 1250
16 29 1000 1300 1480
16 29 1200 1500 1480
17 2 1400 1700 2010
17 4 700 1200 960
17 4 1200 1500 960
17 4 1400 1900 1880
17 7 1400 1600 1630
17 9 1300 1400 700
17 10 700 900 360
17 10 2300 0 360
17 10 1900 2100 1128
17 10 900 1100 1250
17 10 1000 1200 1250
17 16 1300 1400 960
17 18 1900 2100 500
17 23 2200 0 630
17 23 2000 2200 910
17 23 900 1100 1290
17 23 1500 1700 1290
17 23 1500 1800 1530
17 24 1300 1500 420
17 24 2300 200 550
17 24 800 1000 600
17 24 1200 1400 600
17 24 2000 2200 600
17 26 1100 1300 1400
17 27 2000 2200 310
17 27 1400 1600 320
17 27 700 900 440
17 27 1100 1200 440
17 27 1700 1800 440
17 27 2000 2200 310
17 27 1400 1600 320
17 27 700 900 440
17 29 700 1000 720
17 29 1400 1700 720
17 29 2000 2200 720
17 29 900 1100 780
17 29 2000 2200 960
17 29 1100 1300 1430
17 29 1200 1400 1430
17 29 1600 1800 1430
18 2 800 1400 1220
18 2 1700 0 1270
18 3 800 1500 3330
18 4 1700 0 1140
18 4 1000 1600 2880
18 5 1700 2100 730
18 5 900 1500 1040
18 6 900 1500 2350
18 7 900 1200 1400
18 10 2000 0 560
18 10 1300 1700 720
18 10 2000 100 1390
18 10 800 1300 2210
18 10 1100 1300 2210
18 11 1700 2000 730
18 11 1300 1500 1840
18 13 1400 1700 1280
18 13 1800 2100 1280
18 14 800 1100 1610
18 16 700 800 490
18 16 800 900 490
18 16 2300 0 490
18 16 2200 0 670
18 16 900 1000 680
18 16 2100 2200 690
18 16 900 1100 930
18 16 1900 2000 930
18 16 2000 2100 930
18 16 1600 1700 1100
18 16 1400 1500 1720
18 17 800 1000 1260
18 19 1900 2000 610
18 21 900 1100 660
18 22 1900 2300 860
18 22 1300 1700 1140
18 22 800 1000 1410
18 24 800 1000 520
18 26 800 1300 2250
18 27 800 1100 1920
18 27 1500 1800 1920
18 27 1700 2000 1920
18 27 800 1100 1920
18 27 1500 1800 1920
18 27 1700 2000 1920
18 28 800 1000 520
18 29 2100 0 1470
18 29 1900 2300 1760
18 29 800 1200 2040
18 29 1300 1700 2330
19 0 2000 2300 1940
19 2 1600 2300 2110
19 2 1000 1600 2850
19 3 800 1400 2150
19 4 900 1500 1920
19 6 900 1500 1710
19 7 900 1200 1040
19 10 800 1000 1800
19 11 2000 0 800
19 13 1700 1900 1590
19 14 1000 1200 1660
19 14 1300 1500 1660
19 15 1900 2100 499
19 15 1800 2000 565
19 15 1200 1400 640
19 15 1300 1600 1480
19 16 800 900 430
19 16 2000 2100 430
19 18 1700 1800 1200
19 22 800 1000 1180
19 22 1000 1200 1180
19 23 1900 2000 1090
19 25 800 1300 1830
19 26 1500 1900 2060
19 27 1000 1200 690
19 27 1700 2000 690
19 27 1700 2000 690
19 28 2000 2200 440
19 28 900 1000 480
19 29 1800 2100 1160
19 29 800 1100 1380
19 29 1300 1600 2150
20 2 800 1400 1780
20 3 800 1400 1080
20 4 800 1400 1190
20 4 1500 2000 1190
20 6 1100 1500 2590
20 6 1900 2300 2590
20 7 1600 1900 880
20 8 1300 1500 1560
20 11 1200 1400 1350
20 12 1400 1700 810
20 12 1600 1800 880
20 13 800 1000 840
20 13 1100 1300 840
20 13 1500 1700 1000
20 13 2100 2300 1560
20 14 800 1000 710
20 14 1300 1600 1550
20 14 1800 2000 1550
20 15 800 1100 1480
20 16 800 900 1380
20 16 1000 1100 1380
20 16 1100 1300 1380
20 16 1600 1700 1380
20 16 1600 1700 1380
20 16 1900 2100 1380
20 16 1900 2100 1380
20 17 1100 1200 1260
20 22 800 1000 540
20 22 1700 1900 640
20 22 1000 1200 1000
20 25 2100 2300 1440
20 27 1100 1300 1690
20 27 1200 1500 1690
20 27 1600 1900 1690
20 27 1800 2000 1690
20 27 1100 1300 1690
20 27 1200 1500 1690
20 27 1600 1900 1690
20 27 1800 2000 1690
20 29 2200 100 970
20 29 800 1100 1070
20 29 2000 2300 1070
20 29 1900 2200 1270
20 29 1100 1400 1470
20 29 1500 1800 1470
21 0 800 1000 950
21 2 1300 1800 1670
21 3 2000 0 1220
21 3 1500 1900 2250
21 4 800 1300 1550
21 4 1300 1800 1550
21 5 1100 1400 600
21 5 1200 1500 600
21 6 900 1500 2980
21 6 1300 1900 2980
21 6 1900 2300 2980
21 6 2100 100 2980
21 7 900 1100 1530
21 8 800 1000 1630
21 9 1700 1900 510
21 9 700 900 651
21 9 1400 1600 1240
21 10 800 1000 410
21 10 1900 2100 530
21 13 1100 1300 660
21 15 1600 1700 410
21 15 1200 1300 500
21 15 1600 1700 500
21 15 1000 1100 540
21 15 2000 2200 590
21 16 900 1100 280
21 16 2000 2200 280
21 16 1700 1900 1280
21 23 800 1200 1010
21 23 2000 2200 1010
21 24 1500 1700 440
21 24 1800 2100 1400
21 25 800 1100 1960
21 25 1300 1600 1960
21 25 1400 1600 1960
21 26 1300 1600 1390
21 26 1900 2200 1390
21 27 1800 2000 640
21 27 1300 1500 770
21 27 1000 1200 1150
21 27 1800 2000 640
21 27 1300 1500 770
21 27 1000 1200 1150
21 28 1800 2000 470
21 28 1500 1700 480
21 29 2200 0 730
21 29 800 1000 800
21 29 1000 1300 950
21 29 1200 1500 950
21 29 2200 0 950
21 29 1800 2000 1100
21 29 1100 1300 1240
21 29 1500 1700 1240
22 0 1900 2000 860
22 2 700 1000 1100
22 2 1100 1400 1100
22 2 1300 1600 2040
22 3 800 1300 1310
22 3 1100 1700 1310
22 3 1100 1400 2050
22 3 1600 1900 2050
22 4 800 1100 720
22 4 1200 1500 1830
22 6 900 1300 800
22 6 1100 1600 2800
22 6 2000 100 2800
22 7 1500 1700 810
22 7 1200 1500 980
22 8 700 900 1310
22 9 2200 0 330
22 9 1700 1900 420
22 9 1600 1800 480
22 14 1100 1200 830
22 14 1100 1300 830
22 14 1500 1600 830
22 14 1700 1800 830
22 15 2200 0 310
22 15 1100 1200 340
22 15 2100 2200 430
22 15 1600 1800 480
22 16 800 1000 430
22 16 2000 2100 450
22 16 1300 1500 520
22 16 1600 1700 520
22 16 1700 1900 520
22 16 1800 2000 800
22 16 2200 0 1940
22 18 800 1200 550
22 18 2100 2300 560
22 18 1400 1800 720
22 19 2000 2200 1180
22 19 2100 2300 1180
22 20 1400 1600 640
22 20 700 900 1000
22 20 1600 1800 1000
22 23 800 1000 930
22 23 1900 2100 930
22 24 1100 1300 520
22 24 1800 2100 650
22 24 1400 1600 760
22 24 2200 0 1660
22 25 1700 1900 790
22 26 1600 1800 1150
22 27 2300 0 330
22 27 900 1000 340
22 27 1800 2000 380
22 27 1400 1600 390
22 27 2300 0 330
22 27 900 1000 340
22 27 1800 2000 380
22 27 1400 1600 390
22 28 1700 1900 460
22 28 1500 1600 620
22 28 700 900 810
22 28 1500 1700 1500
22 28 2100 2300 1500
22 28 2300 100 1500
22 29 800 1000 660
22 29 1600 1800 660
22 29 2200 0 660
22 29 2200 0 660
22 29 1200 1400 2290
23 0 900 1200 710
23 0 1500 1700 860
23 0 800 1000 1190
23 0 1800 2000 1380
23 0 1200 1500 1720
23 0 1900 2100 1720
23 1 2100 2300 500
23 1 2000 2200 820
23 1 1000 1200 920
23 1 2000 100 1040
23 1 1500 1700 1080
23 2 1400 1800 1570
23 3 1800 2200 1120
23 3 700 1300 1380
23 3 1500 2100 1380
23 3 700 1100 2400
23 4 800 1100 1320
23 4 1400 1700 1570
23 4 1800 2200 1570
23 5 1000 1300 940
23 5 2000 2300 1520
23 6 1300 1700 2370
23 6 2000 0 2370
23 6 2100 100 2370
23 7 800 1000 600
23 7 1700 1900 710
23 7 800 900 800
23 7 1600 1700 810
23 9 1900 2100 1180
23 9 1900 2100 1180
23 9 1100 1300 1270
23 9 2000 2200 1270
23 9 700 900 1350
23 9 1300 1500 1350
23 10 2000 2100 640
23 11 2300 100 780
23 11 1100 1300 900
23 11 1600 1800 900
23 12 2000 2300 710
23 12 800 1000 1340
23 12 900 1100 1340
23 12 1900 2100 1340
23 12 700 1000 1360
23 13 900 1200 830
23 13 1900 2100 830
23 13 800 1100 900
23 13 700 900 920
23 13 1000 1200 950
23 13 1200 1400 950
23 13 1300 1500 950
23 13 1800 2100 1050
23 13 1700 2000 1210
23 14 1500 1700 1200
23 14 2100 2300 1200
23 14 800 1000 1850
23 14 900 1200 1850
23 14 1000 1500 1850
23 14 1700 1900 1850
23 14 700 1000 1930
23 14 1200 1500 1930
23 14 1900 2100 1930
23 14 2200 0 1930
23 14 1200 1500 2020
23 14 2000 2300 2020
23 16 900 1200 1720
23 16 1100 1300 1720
23 16 1200 1400 1720
23 16 1300 1500 1720
23 16 1400 1700 1720
23 16 1600 1900 1720
23 16 2000 2200 1720
23 16 2200 0 1720
23 16 2300 100 1720
23 17 1700 1900 1060
23 17 1500 1700 1210
23 17 1900 2100 1230
23 17 800 1100 1240
23 17 1800 2000 1290
23 19 2100 0 1090
23 21 1300 1600 1010
23 21 2300 100 1010
23 22 2200 100 880
23 22 1100 1400 930
23 24 2100 2300 400
23 24 700 900 460
23 24 1700 1900 760
23 24 900 1100 880
23 24 1100 1200 880
23 24 1300 1500 880
23 24 1400 1600 880
23 24 1800 2000 880
23 24 2000 2200 880
23 24 2200 0 880
23 24 2300 0 880
23 24 800 900 1230
23 24 1100 1200 1230
23 24 2200 2300 1230
23 24 1100 1300 1410
23 30 600 800 1570
23 30 900 1100 1830
23 30 600 800 1860
23 30 600 900 1860
23 30 700 900 1860
23 30 800 1100 1860
23 30 1300 1500 1860
23 30 900 1100 1940
23 30 1200 1400 1940
23 26 2300 200 1060
23 26 1800 2100 1090
23 26 1900 2200 1090
23 26 1200 1400 1360
23 26 700 1000 1710
23 26 1600 1800 1968
23 27 1700 2000 1760
23 27 1800 2100 1760
23 27 1800 2100 1760
24 0 1500 1800 2610
24 2 1600 2200 1420
24 2 1800 100 3540
24 3 1600 2200 1470
24 4 1900 100 1250
24 4 1600 2100 1260
24 6 1800 0 1340
24 7 1100 1300 610
24 7 1800 2100 610
24 7 700 1200 830
24 10 1900 2100 340
24 10 1600 1800 350
24 11 2200 100 480
24 11 2100 0 510
24 11 1600 1800 750
24 11 800 1100 1880
24 11 1700 2000 1880
24 12 1000 1200 500
24 12 1200 1500 690
24 12 1900 2100 690
24 12 1000 1300 2088
24 12 100 400 2100
24 12 900 1100 2100
24 13 800 1100 520
24 13 1000 1300 520
24 13 1800 2100 520
24 13 2200 100 520
24 13 1200 1400 650
24 13 1400 1700 650
24 13 1500 1800 650
24 13 1100 1400 870
24 13 2000 100 1770
24 13 800 1200 2110
24 13 1200 1700 2160
24 13 1700 2000 2160
24 14 2000 2300 600
24 14 2000 2300 720
24 14 2000 0 730
24 14 700 1000 840
24 14 1200 1500 840
24 14 1900 2300 840
24 14 1900 2200 840
24 14 2200 100 840
24 14 1300 1600 950
24 14 1000 1300 2620
24 16 800 1000 510
24 16 2000 2200 510
24 16 2200 0 510
24 16 1500 1700 530
24 16 1800 2000 530
24 16 1100 1300 1800
24 16 1200 1400 1800
24 17 1700 1900 420
24 17 1100 1300 600
24 17 1500 1800 600
24 17 2300 200 600
24 17 2000 2200 630
24 17 800 1000 1700
24 18 1100 1300 600
24 21 1800 2000 550
24 21 2200 0 1400
24 22 2200 0 640
24 22 1400 1600 660
24 22 1700 2000 660
24 22 800 1000 1660
24 23 700 900 460
24 23 2200 0 520
24 23 2300 100 520
24 23 800 1000 710
24 23 1100 1300 710
24 23 1900 2100 710
24 23 2000 2200 710
24 23 2100 2300 710
24 23 1200 1300 980
24 23 1500 1700 980
24 23 1700 1900 980
24 23 900 1000 1290
24 23 1300 1500 1290
24 23 1700 1900 1290
24 23 800 1000 1410
24 30 800 1300 1120
24 30 1400 1700 1220
24 30 800 1200 1330
24 26 1600 2100 630
24 26 2000 0 630
24 26 1800 2100 750
24 26 1800 2100 810
24 26 1000 1300 880
24 26 2100 100 880
24 26 1800 2200 2738
24 27 1200 1500 920
24 27 2000 2300 2340
24 28 2200 0 390
24 28 1800 1900 530
24 28 1600 1700 990
24 28 2300 100 990
24 29 2000 0 1200
24 29 900 1300 1510
24 29 1400 1700 1510
24 29 1600 1900 3080
30 16 1500 2100 2610
30 23 1100 1300 1430
30 23 1300 1500 1430
30 23 1800 2000 1430
30 23 1000 1200 1570
30 23 1100 1300 1570
30 23 1600 1800 1570
30 23 1600 1800 1630
30 23 1200 1400 1830
30 23 1700 1900 1940
30 24 1300 1700 1330
30 24 1400 1700 1830
30 24 1800 2000 1830
30 25 1300 1600 1830
30 25 1500 1700 1830
30 28 1500 1700 1340
30 28 1200 1500 1890
25 1 2000 2200 1490
25 2 1200 1500 1110
25 6 2100 0 700
25 6 1700 1900 1760
25 9 700 900 470
25 10 1500 1600 340
25 10 1400 1500 850
25 11 2000 2200 1440
25 13 1400 1800 1000
25 13 2000 100 1660
25 13 2300 200 1660
25 13 1200 1600 2130
25 19 1500 2000 1830
25 20 800 1000 1440
25 21 0 200 760
25 21 1700 2000 1960
25 21 2000 2300 1960
25 22 2000 2200 1710
25 30 1000 1200 1830
25 30 1200 1400 1830
25 28 1900 2100 1390
25 29 2200 100 1330
25 29 1100 1300 1540
26 2 2000 2100 1190
26 3 1700 1900 580
26 3 1200 1400 640
26 3 1900 2100 1250
26 3 1000 1200 1500
26 5 2000 2100 850
26 6 900 1300 1500
26 9 1300 1500 1000
26 14 1600 1800 440
26 14 1800 2000 820
26 14 1600 1800 1200
26 14 1900 2100 1200
26 15 700 1000 650
26 15 1100 1400 730
26 15 1700 2000 830
26 16 1900 0 1110
26 16 2000 2300 1110
26 16 1300 1600 1320
26 16 1500 1800 1320
26 17 1500 1700 710
26 18 1500 2100 890
26 19 1100 1400 2060
26 21 2300 100 330
26 21 1700 1900 550
26 22 1900 2100 1150
26 23 2300 200 910
26 23 1900 2200 940
26 23 2200 100 1090
26 23 800 1100 1360
26 23 1100 1400 1800
26 23 1200 1500 1968
26 25 900 1200 1370
26 25 1300 1700 1370
26 25 1200 1500 1768
26 27 1100 1300 450
26 27 2100 2300 510
26 27 1400 1600 770
26 27 1600 1800 920
26 27 1700 1900 1180
26 27 2000 2200 1180
26 27 700 900 1350
26 27 1600 1800 1350
26 27 800 1000 1490
26 27 1300 1400 1490
26 27 1900 2100 1490
26 27 1200 1400 1580
26 27 1700 1900 1580
26 27 2000 2200 1580
26 27 1700 1900 1710
26 27 800 1000 1760
26 27 1100 1300 450
26 27 2000 2200 1180
26 27 1600 1800 1350
26 27 800 1000 1490
26 27 1300 1400 1490
26 27 1900 2100 1490
26 27 1700 1900 1710
26 28 1000 1200 790
27 1 800 1000 440
27 1 1400 1600 500
27 1 900 1100 898
27 1 1200 1400 898
27 1 2000 2200 898
27 1 1100 1300 1200
27 1 2100 2300 1200
27 3 700 1000 1990
27 3 1200 1500 1990
27 3 1400 1700 1990
27 3 2000 2300 1990
27 4 800 1000 1540
27 4 1200 1400 1540
27 4 1300 1600 1540
27 4 1600 1900 1540
27 4 1900 2100 1540
27 4 2100 2300 1540
27 5 1500 1700 480
27 5 700 1000 840
27 5 900 1200 840
27 5 1200 1600 840
27 5 1700 2000 840
27 5 1100 1400 1220
27 5 700 1200 1540
27 6 900 1400 3600
27 6 1400 2000 3600
27 6 1500 2000 3600
27 6 1600 2200 3600
27 6 1700 0 3600
27 6 1800 2300 3600
27 9 1500 1700 600
27 9 1100 1300 670
27 9 2100 0 670
27 9 800 1000 680
27 9 1200 1400 680
27 9 1400 1600 680
27 9 1700 2000 680
27 9 2000 2300 680
27 9 1000 1300 790
27 9 700 1000 1240
27 9 1800 2100 1240
27 11 1100 1300 1070
27 11 2000 2200 1070
27 11 2200 0 1070
27 12 2200 0 220
27 12 1500 1700 240
27 13 2300 0 150
27 15 700 800 560
27 15 900 1100 560
27 15 1100 1200 560
27 15 1700 1800 560
27 15 1900 2000 560
27 15 2100 2300 610
27 15 1600 1800 670
27 15 1100 1300 930
27 15 2100 2300 960
27 15 1900 2100 1230
27 17 1000 1200 300
27 17 1800 2000 320
27 17 2200 0 530
27 17 800 1000 620
27 17 2100 2300 620
27 18 1300 1600 1920
27 18 2000 2300 1920
27 18 2100 0 1920
27 19 1300 1600 1740
27 19 2000 2300 1740
27 20 1400 1700 1690
27 20 1600 1900 1690
27 20 2000 2300 1690
27 20 2100 0 1690
27 21 700 900 1150
27 21 1600 1800 1150
27 21 2100 2300 1150
27 22 700 900 370
27 22 1100 1300 1710
27 22 1700 1900 1710
27 22 2100 2300 1710
27 23 1300 1600 1130
27 30 700 1500 2060
27 26 700 1000 390
27 26 800 1000 510
27 26 900 1100 510
27 26 1000 1200 600
27 26 1100 1300 600
27 26 1400 1600 770
27 26 1600 1800 770
27 26 1900 2100 920
27 26 1000 1200 1180
27 26 2000 2200 1180
27 26 1300 1500 1350
27 26 2000 2200 1350
27 26 2300 100 1490
27 26 1100 1400 1580
27 26 800 1000 1710
27 26 1100 1300 1760
27 28 1900 2200 820
27 28 1200 1500 900
27 1 900 1100 898
27 1 2000 2200 898
27 1 2100 2300 1200
27 3 700 1000 1990
27 3 1200 1500 1990
27 3 1400 1700 1990
27 3 2000 2300 1990
27 4 800 1000 1540
27 4 1200 1400 1540
27 4 1300 1600 1540
27 4 1600 1900 1540
27 4 1900 2100 1540
27 4 2100 2300 1540
27 5 1500 1700 480
27 5 1100 1400 1220
27 5 700 1200 1540
27 6 1700 0 3600
27 7 1000 1400 550
27 7 1600 2000 560
27 7 2000 2300 560
27 7 800 1100 800
27 7 1800 2100 840
27 7 700 1100 1860
27 9 1500 1700 600
27 9 1100 1300 670
27 9 2100 0 670
27 9 1000 1300 790
27 10 700 900 770
27 10 900 1200 770
27 10 1000 1300 770
27 10 2100 0 770
27 10 800 1100 850
27 10 1700 2000 850
27 10 1200 1500 1020
27 10 900 1100 1390
27 10 1600 1900 1390
27 10 1300 1600 1520
27 10 2000 2300 1520
27 11 2000 2200 1070
27 11 2200 0 1070
27 12 2200 0 220
27 12 1500 1700 240
27 13 2300 0 150
27 15 900 1100 560
27 15 1100 1200 560
27 15 1700 1800 560
27 15 2100 2300 960
27 17 1000 1200 300
27 17 1800 2000 320
27 17 2200 0 530
27 18 1300 1600 1920
27 18 2000 2300 1920
27 18 2100 0 1920
27 19 2000 2300 1740
27 20 1400 1700 1690
27 20 1600 1900 1690
27 20 2000 2300 1690
27 20 2100 0 1690
27 21 700 900 1150
27 21 1600 1800 1150
27 21 2100 2300 1150
27 22 700 900 370
27 22 1100 1300 1710
27 22 1700 1900 1710
27 22 2100 2300 1710
27 30 700 1500 2060
27 26 700 1000 390
27 26 900 1100 510
27 26 1100 1300 600
27 26 1000 1200 1180
27 26 1300 1500 1350
27 26 2300 100 1490
27 26 800 1000 1710
28 1 2300 100 470
28 1 2200 0 770
28 1 1100 1300 900
28 2 1400 1700 2330
28 3 1200 1700 2480
28 4 2100 0 830
28 4 1800 2100 1110
28 6 2000 0 710
28 6 1900 2300 1000
28 6 1200 1600 1020
28 6 1100 1500 1280
28 7 1600 1800 1190
28 8 1200 1400 900
28 8 1300 1500 1230
28 10 1700 1800 310
28 10 2200 2300 310
28 10 700 800 380
28 10 2300 100 380
28 10 1600 1700 1340
28 10 2000 2100 1350
28 11 2300 0 520
28 11 900 1100 570
28 11 1200 1400 1060
28 11 1600 1800 1060
28 11 2000 2100 1060
28 12 900 1100 610
28 12 1200 1400 610
28 13 800 1000 1620
28 14 800 1100 1820
28 14 1300 1600 1820
28 15 1200 1600 1610
28 16 0 200 580
28 16 2100 2300 740
28 16 900 1100 810
28 16 1700 1900 810
28 16 1800 2100 810
28 16 1900 2100 810
28 16 1200 1400 960
28 16 1300 1500 960
28 16 1500 1700 960
28 16 800 1000 1500
28 17 700 800 570
28 17 1300 1500 1260
28 18 1800 2000 670
28 19 1700 1900 480
28 19 2100 2300 480
28 21 800 1000 540
28 21 2100 2200 550
28 22 1500 1600 810
28 22 1600 1700 810
28 22 2300 0 1110
28 22 800 900 1500
28 22 2000 2200 1500
28 22 0 100 1500
28 24 700 900 380
28 24 1300 1500 530
28 24 1500 1700 530
28 24 700 800 990
28 30 1100 1400 960
28 30 900 1100 1890
28 25 1600 1800 1390
28 26 1300 1600 710
28 27 800 1100 1700
28 27 1600 1800 1700
28 27 800 1100 1700
28 27 1600 1800 1700
28 29 2100 0 1070
28 29 800 1100 1270
28 29 2000 2200 1270
28 29 1100 1400 1470
28 29 800 1100 1980
29 2 700 900 480
29 2 2300 100 480
29 2 2300 100 480
29 2 1900 2100 900
29 2 1100 1300 1060
29 2 1200 1400 1060
29 3 2200 0 400
29 3 700 900 760
29 3 900 1100 900
29 3 1200 1400 1040
29 3 1800 2000 1040
29 3 1100 1300 1410
29 3 1100 1300 1410
29 4 2200 0 460
29 4 1800 2000 470
29 4 1300 1500 640
29 4 1100 1200 870
29 5 600 700 670
29 5 900 1000 860
29 5 1600 1800 860
29 5 2000 2100 860
29 5 2000 2100 860
29 5 2100 2300 860
29 5 2300 0 860
29 6 2200 200 1160
29 6 1600 2000 1180
29 6 800 1200 1420
29 6 1500 1900 1420
29 6 1300 1700 1560
29 6 900 1300 1850
29 6 1500 1900 2890
29 6 2000 0 2890
29 7 2300 100 540
29 7 600 900 1290
29 7 800 1000 1290
29 7 1100 1400 1600
29 7 1900 2100 1600
29 7 1900 2200 1600
29 7 900 1100 1670
29 7 1200 1500 1670
29 7 1600 1900 1670
29 8 2000 2200 640
29 9 2300 0 200
29 9 1000 1100 580
29 9 2100 2200 580
29 9 700 800 820
29 9 800 900 980
29 9 1800 1900 990
29 10 700 900 700
29 10 1800 2000 1000
29 12 2100 2300 870
29 12 1700 1900 1040
29 12 800 1000 1310
29 12 1300 1500 1310
29 12 2000 2200 1310
29 13 900 1100 450
29 13 1100 1300 450
29 13 1100 1400 450
29 13 1600 1800 450
29 13 1900 2100 450
29 13 2300 100 450
29 13 900 1100 1680
29 13 1100 1300 1680
29 13 1800 2000 1680
29 13 2000 2200 1680
29 13 1400 1600 2230
29 14 1800 2000 790
29 15 2200 100 700
29 15 2000 2300 990
29 15 2100 2300 1170
29 15 900 1200 1270
29 15 700 1000 1290
29 15 1900 2200 1290
29 15 1200 1500 1520
29 15 1300 1600 1520
29 15 1600 1900 1520
29 15 1400 1700 1820
29 15 700 1000 2020
29 15 1600 1900 2020
29 17 700 1000 780
29 17 1900 2200 960
29 17 1100 1300 1350
29 17 1900 2100 1350
29 17 2300 200 1350
29 17 800 1100 1430
29 17 1200 1500 1430
29 17 1600 1800 1430
29 18 800 1200 820
29 18 1300 1700 820
29 18 1800 2200 820
29 18 700 1100 2880
29 19 800 1200 830
29 19 2200 200 830
29 19 1200 1500 1810
29 20 700 1000 970
29 20 900 1300 1270
29 20 1200 1500 1470
29 20 1500 1800 1470
29 20 1900 2300 1470
29 21 600 900 800
29 21 700 900 800
29 21 2100 0 950
29 21 800 1100 1100
29 21 1800 2100 1100
29 21 1100 1400 1240
29 21 1400 1700 1240
29 21 1600 1800 1240
29 22 700 900 660
29 22 1100 1400 660
29 22 1800 2000 660
29 22 1900 2200 660
29 22 1600 1800 2290
29 23 2100 0 1100
29 23 800 1100 1300
29 23 1700 2000 1300
29 23 1100 1400 1500
29 23 1500 1800 1500
29 25 700 1000 1330
29 25 1800 2100 1540
29 28 700 1000 1270
29 28 900 1200 1270
29 28 1200 1500 1470
29 28 1500 1800 1470
29 28 900 1200 1980
